111
113
115
120
122
170
171
172
173
175
176
177
179
181
183
120
122
124
111
113
115
101
103
112
114
121
112
116
121
150
151
160
160
162
164
170
171
172
173
175
176
177
179
181
183
162
164
204
209
211
214
216
218
257
272
274
278
280
281
282
284
286
287
289
216
218
220
202
250
252
253
254
255
256
257
258
260
270
272
274
276
278
280
281
282
284
286
287
201
206
211
208
210
215
217
208
210
217
219
212
229
250
251
252
253
254
255
306
309
310
311
317
319
370
377
382
301
306
310
313
315
302
333
329
318
352
354
356
350
352
374
386
